0 0.257227 0.732356 0.0140472 0.0200869
0 0.760586 0.819897 0.0183225 0.0236156
0 0.760485 0.348806 0.00916124 0.0162866
0 0.449308 0.98127 0.00977199 0.0152009
0 0.352606 0.152144 0.0101792 0.0138436
0 0.0382736 0.777416 0.00977199 0.0157438
0 0.904418 0.0359663 0.0095684 0.0133008
0 0.560057 0.860885 0.00895766 0.0143865
0 0.622048 0.951411 0.0168974 0.0157438
0 0.653705 0.535152 0.00936482 0.0149294
0 0.831331 0.830755 0.00875407 0.0138436
0 0.298656 0.80266 0.00814332 0.0141151
0 0.860444 0.830619 0.0095684 0.0168295
0 0.829499 0.40513 0.0103827 0.0138436
0 0.148412 0.891694 0.00936482 0.0200869
0 0.756006 0.824376 0.0160831 0.0249729
0 0.682105 0.336319 0.028298 0.02443
0 0.598229 0.942182 0.0103827 0.0190011
0 0.744707 0.110071 0.0109935 0.0143865
0 0.235647 0.364142 0.0132329 0.017101
0 0.789292 0.919381 0.00895766 0.0141151
0 0.761401 0.92956 0.0105863 0.0181868
0 0.569829 0.986699 0.0101792 0.0179153
0 0.813925 0.953855 0.012215 0.0157438
