0 0.656555 0.0582248 0.0223941 0.0198154
0 0.495419 0.704805 0.0116042 0.012215
0 0.300285 0.064468 0.0175081 0.0257872
0 0.467325 0.191097 0.0368485 0.0304017
0 0.446763 0.379886 0.0111971 0.0138436
0 0.65116 0.910423 0.0217834 0.0276873
0 0.10851 0.271716 0.00773616 0.014658
0 0.53919 0.844327 0.0372557 0.0203583
0 0.655741 0.481678 0.0207655 0.0209012
0 0.353522 0.685668 0.0148616 0.0200869
0 0.098636 0.181189 0.0270765 0.0328447
0 0.264149 0.155809 0.0107899 0.0152009
0 0.339169 0.369707 0.0109935 0.0141151
0 0.0597516 0.460641 0.0376629 0.0331162
0 0.414088 0.0359663 0.02443 0.0279587
0 0.397394 0.283659 0.0362378 0.0494028
0 0.486055 0.371743 0.0128257 0.0149294
0 0.665309 0.45399 0.0183225 0.017101
0 0.537154 0.948969 0.0181189 0.0152009
0 0.425896 0.301574 0.0199511 0.0282302
0 0.225672 0.956569 0.0107899 0.0190011
0 0.473025 0.944625 0.00834691 0.0152009
0 0.658998 0.713762 0.0386808 0.0198154
0 0.17559 0.498236 0.0111971 0.0143865
0 0.665309 0.680646 0.014658 0.0143865
0 0.77616 0.207519 0.0144544 0.0209012
0 0.383652 0.554153 0.0193404 0.0198154
0 0.448392 0.89848 0.0181189 0.0211726
0 0.307919 0.439739 0.033184 0.0233442
0 0.141287 0.302117 0.021987 0.0200869
0 0.315961 0.437296 0.0179153 0.0184582
0 0.601792 0.459555 0.0162866 0.019544
0 0.5682 0.92576 0.0187296 0.0241585
0 0.391287 0.0214441 0.0154723 0.0200869
0 0.791022 0.145901 0.00997557 0.0138436
0 0.311889 0.696254 0.0321661 0.019544
0 0.212337 0.0408523 0.0101792 0.0160152
0 0.521173 0.420603 0.0199511 0.0165581
0 0.0490635 0.589169 0.00936482 0.0149294
0 0.192386 0.0115364 0.0158795 0.0160152
0 0.252647 0.903637 0.0114007 0.0162866
0 0.317793 0.807139 0.034202 0.0301303
0 0.0636197 0.473534 0.0234121 0.0236156
0 0.559039 0.170738 0.014658 0.0260586
0 0.0274837 0.43051 0.014658 0.0173724
0 0.458367 0.0812975 0.0152687 0.0187296
0 0.541938 0.891558 0.0423453 0.0328447
0 0.57217 0.404995 0.0221906 0.0228013
0 0.550081 0.68146 0.0325733 0.0198154
0 0.232085 0.281759 0.0142508 0.0222584
0 0.643322 0.905402 0.029316 0.021987
0 0.384467 0.681189 0.0262622 0.0187296
0 0.100977 0.530402 0.0158795 0.0184582
0 0.372862 0.547367 0.0197476 0.0236156
0 0.0740024 0.497014 0.0185261 0.019544
0 0.295297 0.0681325 0.0132329 0.0200869
0 0.209385 0.273208 0.0140472 0.0181868
0 0.554153 0.966341 0.0150651 0.0200869
0 0.317793 0.202226 0.0162866 0.0200869
0 0.544585 0.826954 0.0545603 0.0399023
0 0.0704397 0.0233442 0.0126221 0.0184582
0 0.420603 0.215798 0.0138436 0.0260586
0 0.569116 0.270223 0.0177117 0.0279587
0 0.676507 0.529995 0.0154723 0.0149294
0 0.483917 0.297231 0.0158795 0.0152009
0 0.75 0.0237514 0.031759 0.0371878
0 0.728726 0.122286 0.0254479 0.0274159
0 0.0935464 0.43336 0.0189332 0.017101
0 0.198901 0.333605 0.0215798 0.0282302
0 0.195745 0.326004 0.0140472 0.0211726
0 0.0602606 0.44259 0.0488599 0.0393594
0 0.720175 0.326004 0.0152687 0.0179153
0 0.640778 0.474891 0.028298 0.0274159
0 0.188823 0.279995 0.0136401 0.0176439
0 0.572374 0.461455 0.0168974 0.0152009
0 0.0238192 0.301574 0.0232085 0.0211726
0 0.174267 0.663002 0.019544 0.0257872
0 0.739312 0.25855 0.0144544 0.0203583
0 0.532879 0.326276 0.0185261 0.0260586
0 0.601995 0.514251 0.0313518 0.0377307
0 0.0176099 0.508008 0.0352199 0.0306732
0 0.234833 0.0401737 0.0164902 0.0228013
0 0.608306 0.660966 0.0394951 0.0271444
0 0.601792 0.691097 0.0472313 0.0347448
0 0.292854 0.936618 0.0201547 0.0241585
0 0.773412 0.617942 0.034202 0.0241585
0 0.77158 0.548589 0.0276873 0.0325733
0 0.00926303 0.0194083 0.0185261 0.0388165
0 0.659609 0.0264658 0.0272801 0.0415309
0 0.256718 0.372693 0.0158795 0.0190011
0 0.0279927 0.380293 0.0266694 0.02443
0 0.516694 0.64278 0.0252443 0.0282302
0 0.00712541 0.243621 0.0142508 0.0333876
0 0.586217 0.980999 0.0315554 0.0358306
0 0.464373 0.606406 0.0183225 0.0238871
0 0.153807 0.134636 0.0417345 0.0320304
0 0.153705 0.550896 0.0191368 0.0192725
0 0.598025 0.360885 0.0209691 0.0306732
0 0.0861156 0.186482 0.0158795 0.0238871
0 0.490737 0.973127 0.0193404 0.0233442
0 0.754275 0.135451 0.0228013 0.02443
0 0.337439 0.115364 0.0217834 0.0217155
0 0.0960912 0.878257 0.151873 0.118078
0 0.443913 0.503257 0.0274837 0.0320304
0 0.63355 0.0301303 0.0256515 0.0347448
0 0.209487 0.339169 0.029316 0.0279587
0 0.478217 0.0978556 0.0215798 0.0328447
0 0.093241 0.0902552 0.0203583 0.0312161
0 0.334283 0.536509 0.0240228 0.0285016
0 0.0518119 0.317182 0.033184 0.0382736
0 0.413783 0.171281 0.0189332 0.0304017
0 0.0723738 0.115635 0.0376629 0.0570033
0 0.44259 0.192182 0.0203583 0.0271444
0 0.0418363 0.235885 0.0262622 0.0358306
0 0.0514047 0.279995 0.0368485 0.0290445
0 0.430884 0.306189 0.0168974 0.0271444
0 0.466612 0.64563 0.0248371 0.0339305
0 0.408286 0.294245 0.0221906 0.0325733
0 0.479031 0.187025 0.0203583 0.0276873
0 0.792651 0.0241585 0.0425489 0.0456026
0 0.134365 0.0172367 0.0333876 0.0344734
0 0.620827 0.961862 0.0348127 0.05076
0 0.353929 0.587948 0.0209691 0.0228013
0 0.262317 0.676574 0.0466205 0.0388165
0 0.154418 0.172638 0.0339984 0.0407166
0 0.387724 0.157709 0.0217834 0.0423453
0 0.256006 0.609935 0.0323697 0.0358306
0 0.32329 0.0697611 0.026873 0.034202
0 0.321254 0.92101 0.0574104 0.0553746
0 0.690045 0.144544 0.0287052 0.0328447
0 0.716816 0.155537 0.0276873 0.0347448
0 0.0533388 0.189197 0.0232085 0.029316
0 0.710607 0.0488599 0.0555782 0.0933768
0 0.719666 0.599891 0.0370521 0.0515744
0 0.193709 0.389251 0.0608713 0.0613464
0 0.0273819 0.0570033 0.052728 0.0618892
0 0.216714 0.634229 0.0409202 0.0518458
0 0.36645 0.265472 0.0488599 0.0559175
0 0.114515 0.173317 0.0262622 0.0409881
0 0.559955 0.0625679 0.072272 0.094734
0 0.761299 0.310532 0.060057 0.0754615
0 0.281352 0.258686 0.088355 0.103149
