0 0.767508 0.91721 0.0337948 0.0396308
0 0.00417345 0.602742 0.00834691 0.0339305
0 0.744707 0.526601 0.026873 0.0380022
0 0.288681 0.909338 0.0228013 0.0238871
0 0.115839 0.723127 0.0313518 0.0434311
0 0.337134 0.341069 0.031759 0.0399023
0 0.00661645 0.596498 0.0128257 0.0355592
0 0.629377 0.956976 0.052728 0.0675896
0 0.568404 0.805782 0.0142508 0.0203583
0 0.197679 0.160831 0.02443 0.0306732
0 0.732899 0.181596 0.0109935 0.014658
0 0.381209 0.98222 0.0299267 0.026873
0 0.388742 0.947204 0.0303339 0.0578176
0 0.145358 0.415988 0.0276873 0.0735613
0 0.707553 0.972856 0.050285 0.0510315
0 0.241246 0.736971 0.014658 0.0211726
0 0.785932 0.903502 0.0327769 0.0371878
0 0.595582 0.787731 0.0266694 0.0347448
0 0.765472 0.819625 0.0431596 0.0491314
0 0.315961 0.793974 0.02443 0.0222584
0 0.673656 0.964712 0.029316 0.0542888
0 0.159914 0.380836 0.0449919 0.0309446
0 0.775041 0.744571 0.0329805 0.0385451
0 0.826954 0.685125 0.0337948 0.0428882
0 0.624084 0.102606 0.0372557 0.0380022
0 0.280232 0.772394 0.0246336 0.0447883
0 0.322577 0.793838 0.0124186 0.0181868
0 0.768322 0.00773616 0.017101 0.0154723
0 0.0202565 0.964577 0.0164902 0.0225299
0 0.191572 0.794788 0.0199511 0.0266015
0 0.388945 0.769137 0.0103827 0.0154723
0 0.754581 0.744707 0.0315554 0.0371878
0 0.00488599 0.978013 0.00977199 0.0363735
0 0.766388 0.73127 0.0193404 0.0249729
0 0.369809 0.314604 0.0230049 0.02443
0 0.757125 0.0850977 0.0130293 0.0209012
0 0.609731 0.48317 0.0118078 0.0141151
0 0.270664 0.828719 0.0116042 0.0141151
0 0.802117 0.643594 0.021987 0.0233442
0 0.00763436 0.544517 0.0152687 0.0276873
0 0.220277 0.00895766 0.0252443 0.0179153
0 0.123778 0.185532 0.014658 0.0165581
0 0.852402 0.980999 0.0305375 0.0304017
0 0.704092 0.90608 0.045399 0.053203
0 0.806698 0.991857 0.0327769 0.0162866
0 0.533184 0.912324 0.012215 0.019544
0 0.411645 0.584691 0.0118078 0.0162866
0 0.440554 0.915988 0.0183225 0.0263301
0 0.570949 0.821254 0.0168974 0.0333876
0 0.49827 0.748507 0.0144544 0.0236156
0 0.58296 0.856542 0.0160831 0.0214441
0 0.807919 0.0567318 0.0160831 0.0217155
0 0.576344 0.760179 0.014658 0.0214441
0 0.453583 0.883279 0.014658 0.0190011
0 0.674165 0.615092 0.0189332 0.019544
0 0.0249389 0.334148 0.0201547 0.0233442
0 0.819931 0.906352 0.0234121 0.0380022
0 0.760892 0.989685 0.0311482 0.0200869
0 0.0455008 0.314197 0.0156759 0.0214441
0 0.307716 0.795467 0.0221906 0.0225299
0 0.327972 0.539088 0.0236156 0.0206298
0 0.627036 0.836048 0.02443 0.0217155
0 0.202056 0.786916 0.0303339 0.0298588
0 0.00631107 0.759501 0.0126221 0.0276873
0 0.2727 0.989142 0.0348127 0.0217155
0 0.301303 0.722991 0.0179153 0.0209012
0 0.184344 0.140879 0.0185261 0.0418024
0 0.419992 0.735342 0.0150651 0.0173724
0 0.661747 0.687161 0.0160831 0.0263301
0 0.788986 0.51873 0.0156759 0.0233442
0 0.779214 0.804832 0.0327769 0.0618892
0 0.0696254 0.96892 0.0126221 0.0176439
0 0.0387826 0.910152 0.0132329 0.0217155
0 0.803644 0.614278 0.0274837 0.02443
0 0.385993 0.967155 0.0313518 0.0336591
0 0.475468 0.868485 0.0152687 0.0203583
0 0.744707 0.743757 0.0207655 0.0407166
0 0.147801 0.0477742 0.0333876 0.0358306
0 0.128054 0.941097 0.0162866 0.0211726
0 0.67956 0.287595 0.0183225 0.0187296
0 0.743791 0.394408 0.0238192 0.0298588
0 0.227708 0.729506 0.0254479 0.026873
0 0.451751 0.722041 0.0162866 0.0304017
0 0.662866 0.973534 0.0191368 0.0350163
0 0.382533 0.0829262 0.0223941 0.0285016
0 0.278094 0.174946 0.0236156 0.0252443
0 0.211523 0.570711 0.0215798 0.0274159
0 0.533897 0.103827 0.0177117 0.0165581
0 0.439638 0.559718 0.0132329 0.0190011
0 0.680375 0.954805 0.0223941 0.0480456
0 0.639556 0.138436 0.0213762 0.0304017
0 0.0586319 0.499321 0.021987 0.021987
0 0.541124 0.518594 0.0175081 0.0203583
0 0.752239 0.830076 0.0223941 0.0320304
0 0.407064 0.883415 0.0205619 0.0225299
0 0.243384 0.89753 0.0197476 0.0279587
0 0.765574 0.7519 0.0254479 0.0407166
0 0.771274 0.927253 0.0266694 0.0325733
0 0.576242 0.705483 0.0213762 0.0282302
0 0.334182 0.834555 0.0173046 0.0301303
0 0.144035 0.388979 0.0295195 0.0260586
0 0.550794 0.953176 0.0270765 0.0355592
0 0.374491 0.390879 0.0205619 0.02443
0 0.605965 0.10437 0.0181189 0.021987
0 0.55741 0.768322 0.0166938 0.0176439
0 0.511197 0.537459 0.0390879 0.0439739
0 0.182105 0.448833 0.0177117 0.026873
0 0.785118 0.741042 0.0189332 0.0282302
0 0.829092 0.906759 0.0392915 0.0480456
0 0.793974 0.894137 0.0297231 0.0363735
0 0.389454 0.702226 0.0162866 0.0260586
0 0.267305 0.715798 0.0191368 0.0266015
0 0.745012 0.903773 0.0274837 0.0339305
0 0.111156 0.889115 0.021987 0.0257872
0 0.519646 0.720005 0.0160831 0.0257872
0 0.0933428 0.261808 0.0360342 0.0464169
0 0.277077 0.927253 0.0166938 0.0211726
0 0.678542 0.8693 0.0333876 0.0382736
0 0.644748 0.52253 0.019544 0.0407166
0 0.681901 0.776737 0.0278909 0.0355592
0 0.458062 0.938925 0.0187296 0.0347448
0 0.691673 0.137215 0.0156759 0.0192725
0 0.454703 0.0617535 0.0287052 0.0382736
0 0.643831 0.727063 0.0287052 0.0399023
0 0.0457044 0.453312 0.0185261 0.0287731
0 0.677117 0.824783 0.0215798 0.0301303
0 0.113294 0.542617 0.0360342 0.0401737
0 0.292752 0.901601 0.0191368 0.0214441
0 0.568099 0.635179 0.0303339 0.0412595
0 0.283591 0.580076 0.0232085 0.0445168
0 0.704703 0.749186 0.0197476 0.0211726
0 0.577362 0.445711 0.0260586 0.0276873
0 0.636502 0.0986699 0.03807 0.0594463
0 0.690147 0.40608 0.0252443 0.0282302
0 0.475875 0.735478 0.0189332 0.0371878
0 0.566266 0.142237 0.0242264 0.0314875
0 0.322476 0.746878 0.0297231 0.0447883
0 0.454296 0.812025 0.0225977 0.0328447
0 0.145155 0.44734 0.0256515 0.0450597
0 0.177321 0.3712 0.029316 0.026873
0 0.712846 0.639251 0.0193404 0.0320304
0 0.707349 0.82804 0.0348127 0.0453312
0 0.0543567 0.854235 0.0211726 0.0347448
0 0.74033 0.95684 0.0368485 0.0494028
0 0.691164 0.526873 0.0337948 0.0423453
0 0.714475 0.419653 0.0242264 0.0320304
0 0.392915 0.930375 0.0248371 0.0301303
0 0.669076 0.227606 0.0217834 0.0252443
0 0.504173 0.438382 0.0348127 0.048317
0 0.36533 0.601113 0.0266694 0.0513029
0 0.161034 0.928882 0.0333876 0.0314875
0 0.335403 0.89563 0.0335912 0.0382736
0 0.264556 0.527823 0.0238192 0.0263301
0 0.0232085 0.586319 0.031759 0.0461455
0 0.622862 0.765879 0.0376629 0.0632465
0 0.676812 0.352877 0.0344055 0.0401737
0 0.678339 0.730456 0.0248371 0.0298588
0 0.706637 0.218512 0.0280945 0.0461455
0 0.777993 0.863871 0.0270765 0.0295874
0 0.0283998 0.521173 0.0242264 0.0423453
