0 0.338355 0.146308 0.0175081 0.0282302
0 0.257533 0.134636 0.00855049 0.0119435
0 0.182919 0.284745 0.0103827 0.0184582
0 0.27952 0.465119 0.0118078 0.0165581
0 0.468546 0.0266015 0.0185261 0.0222584
0 0.46763 0.190689 0.0211726 0.0214441
0 0.209182 0.265608 0.0124186 0.0138436
0 0.640676 0.00719327 0.0175081 0.0133008
0 0.326242 0.184039 0.0144544 0.019544
0 0.211726 0.190961 0.012215 0.0214441
0 0.455924 0.919245 0.0136401 0.0165581
0 0.222007 0.343784 0.0160831 0.0263301
0 0.66419 0.704533 0.0107899 0.0181868
0 0.305171 0.28108 0.0126221 0.0165581
0 0.234121 0.3674 0.0166938 0.0274159
0 0.432003 0.904995 0.0150651 0.0168295
0 0.262622 0.295467 0.0150651 0.0274159
0 0.46478 0.0685396 0.0154723 0.0225299
0 0.460607 0.0152009 0.0173046 0.0190011
0 0.543261 0.0890337 0.0124186 0.0168295
0 0.5 0.155537 0.0138436 0.0233442
0 0.0289088 0.845548 0.0179153 0.0271444
0 0.477911 0.178067 0.0148616 0.0228013
0 0.855456 0.338898 0.0187296 0.0263301
0 0.45684 0.687161 0.0130293 0.0176439
0 0.656148 0.607492 0.0166938 0.0179153
0 0.476792 0.0374593 0.0138436 0.019544
0 0.206026 0.150787 0.0215798 0.0192725
0 0.52728 0.0534745 0.0126221 0.0179153
0 0.532471 0.2538 0.0238192 0.0380022
0 0.228217 0.596498 0.0252443 0.0263301
0 0.378156 0.064468 0.0246336 0.0306732
0 0.392305 0.193675 0.017101 0.026873
0 0.172435 0.72652 0.0240228 0.0361021
0 0.289597 0.504343 0.0221906 0.0266015
0 0.325733 0.142101 0.0378665 0.036645
0 0.346091 0.217155 0.0256515 0.0358306
0 0.603318 0.203583 0.0238192 0.0428882
0 0.618485 0.973941 0.0553746 0.0521173
0 0.916836 0.303067 0.110546 0.228827
0 0.150244 0.486428 0.0484528 0.0570033
0 0.50112 0.926982 0.0278909 0.0325733
0 0.510485 0.768865 0.0682003 0.0670467
0 0.455415 0.107085 0.0199511 0.0290445
0 0.306494 0.0466884 0.0372557 0.0434311
0 0.421315 0.20494 0.0246336 0.0396308
0 0.465289 0.216612 0.0234121 0.0439739
0 0.31423 0.100299 0.0323697 0.0529316
0 0.194116 0.47557 0.0677932 0.0846906
0 0.139251 0.194354 0.0818404 0.0939196
