0 0.284304 0.918567 0.0136401 0.0168295
0 0.555476 0.914359 0.0160831 0.0312161
0 0.715493 0.94259 0.0234121 0.0567318
0 0.278502 0.919381 0.0203583 0.0217155
0 0.7784 0.374321 0.00997557 0.0124864
0 0.617773 0.0443811 0.03807 0.0426167
0 0.718343 0.721634 0.0466205 0.0404452
0 0.0152687 0.825597 0.0215798 0.0290445
0 0.822374 0.986428 0.0319625 0.0271444
0 0.272089 0.141015 0.0095684 0.0154723
0 0.160831 0.90798 0.0305375 0.0380022
0 0.242773 0.349756 0.0213762 0.0290445
0 0.430171 0.953719 0.00936482 0.0143865
0 0.0391897 0.323154 0.0319625 0.0420738
0 0.788681 0.724756 0.0289088 0.0385451
0 0.604438 0.979777 0.0187296 0.0225299
0 0.808428 0.930103 0.0191368 0.0241585
0 0.787968 0.941504 0.0205619 0.0453312
0 0.741551 0.608849 0.0311482 0.0314875
0 0.486462 0.0701683 0.0152687 0.0176439
0 0.81535 0.194083 0.0138436 0.02443
0 0.49827 0.992671 0.0221906 0.014658
0 0.844157 0.842155 0.0209691 0.0236156
0 0.419585 0.0732899 0.0211726 0.0380022
0 0.608917 0.992264 0.0162866 0.0143865
0 0.383652 0.528773 0.0295195 0.0407166
0 0.234731 0.976792 0.0260586 0.0257872
0 0.364312 0.981135 0.0156759 0.0225299
0 0.654011 0.672638 0.0120114 0.014658
0 0.618282 0.951411 0.0130293 0.0168295
0 0.0561889 0.0162866 0.019544 0.0266015
0 0.371336 0.722313 0.0211726 0.019544
0 0.72557 0.484663 0.0191368 0.0187296
0 0.802321 0.276059 0.0162866 0.0211726
0 0.0855049 0.067861 0.0207655 0.0238871
0 0.415717 0.504479 0.0248371 0.0257872
0 0.369401 0.107356 0.0193404 0.0290445
0 0.0438722 0.0200869 0.0242264 0.0266015
0 0.833774 0.712948 0.0136401 0.0225299
0 0.854235 0.25855 0.019544 0.0230727
0 0.867162 0.885722 0.030741 0.0445168
0 0.59884 0.962812 0.0164902 0.0200869
0 0.63355 0.983578 0.026873 0.0328447
0 0.218343 0.0183225 0.0531352 0.0350163
0 0.651466 0.294924 0.0175081 0.0225299
0 0.00773616 0.835776 0.0154723 0.0206298
0 0.844463 0.818268 0.02443 0.0306732
0 0.460403 0.926303 0.0152687 0.017101
0 0.344972 0.983849 0.0201547 0.0247014
0 0.322374 0.361156 0.0221906 0.0290445
0 0.542854 0.936346 0.0173046 0.0192725
0 0.307716 0.909473 0.0205619 0.0252443
0 0.257838 0.0358306 0.0270765 0.02443
0 0.227606 0.633415 0.0166938 0.0252443
0 0.57899 0.293024 0.0203583 0.0203583
0 0.561177 0.907573 0.0160831 0.0279587
0 0.0315554 0.815961 0.0211726 0.0336591
0 0.61818 0.893458 0.0221906 0.0301303
0 0.248779 0.970955 0.0232085 0.0331162
0 0.0441775 0.936754 0.0134365 0.0184582
0 0.268322 0.915852 0.021987 0.0266015
0 0.484019 0.745521 0.0128257 0.0165581
0 0.685362 0.336591 0.0217834 0.0260586
0 0.189332 0.57234 0.0305375 0.0247014
0 0.811686 0.0989414 0.0602606 0.0616178
0 0.701547 0.879615 0.0166938 0.026873
0 0.733408 0.328176 0.0148616 0.0162866
0 0.0448901 0.0589034 0.0278909 0.0385451
0 0.716816 0.805239 0.0203583 0.0181868
0 0.260077 0.19449 0.0205619 0.0257872
0 0.254784 0.753393 0.0250407 0.0274159
0 0.679255 0.0951412 0.0201547 0.026873
0 0.583164 0.715255 0.0173046 0.02443
0 0.0898819 0.491178 0.0148616 0.0247014
0 0.190961 0.239685 0.0333876 0.0336591
0 0.0399023 0.784745 0.0191368 0.0238871
0 0.0154723 0.667617 0.0228013 0.0279587
0 0.419076 0.583469 0.0205619 0.0230727
0 0.621234 0.638572 0.025855 0.0285016
0 0.169585 0.369028 0.0150651 0.0176439
0 0.103624 0.678474 0.0199511 0.021987
0 0.0470277 0.729506 0.0228013 0.0274159
0 0.689332 0.713219 0.0187296 0.0388165
0 0.407064 0.793838 0.025855 0.0485885
0 0.305476 0.719191 0.0230049 0.0241585
0 0.0715594 0.516151 0.0217834 0.0257872
0 0.608815 0.329397 0.0250407 0.031759
0 0.82899 0.942861 0.0211726 0.0290445
0 0.455314 0.77443 0.0144544 0.0168295
0 0.556087 0.729642 0.0392915 0.0407166
0 0.61248 0.828855 0.0311482 0.0442454
0 0.493587 0.909202 0.0197476 0.0285016
0 0.550285 0.631108 0.0370521 0.0450597
0 0.222313 0.537188 0.0305375 0.029316
0 0.0152687 0.163409 0.0305375 0.0673181
0 0.155334 0.743214 0.034202 0.029316
0 0.804458 0.953719 0.0295195 0.0420738
0 0.0181189 0.767508 0.0272801 0.0545603
0 0.355965 0.928203 0.0417345 0.0431596
0 0.090798 0.634501 0.0191368 0.0290445
0 0.430884 0.892101 0.0168974 0.0279587
0 0.722007 0.548453 0.0319625 0.0426167
0 0.229133 0.327904 0.0205619 0.0396308
0 0.191266 0.631108 0.0225977 0.0439739
0 0.140167 0.44354 0.0339984 0.0461455
0 0.75397 0.838762 0.0201547 0.0331162
0 0.0343037 0.50855 0.0242264 0.0285016
0 0.426405 0.0348806 0.0295195 0.0458741
0 0.716205 0.428746 0.0236156 0.0252443
0 0.019035 0.710369 0.0299267 0.0390879
0 0.745725 0.947204 0.0203583 0.0209012
0 0.427932 0.275923 0.0240228 0.0306732
0 0.720786 0.978556 0.0262622 0.034202
0 0.737174 0.727063 0.0350163 0.0393594
0 0.734222 0.605456 0.0221906 0.0230727
0 0.502443 0.259229 0.0276873 0.0380022
0 0.790818 0.592291 0.0250407 0.0304017
0 0.75855 0.617807 0.0232085 0.0282302
0 0.754479 0.420195 0.0228013 0.0477742
0 0.328481 0.771851 0.0225977 0.0453312
0 0.0674878 0.769137 0.0295195 0.0447883
0 0.517305 0.928746 0.0207655 0.0328447
0 0.664699 0.960912 0.0374593 0.0624321
0 0.599247 0.0419381 0.0197476 0.0399023
0 0.682716 0.296553 0.0372557 0.0540174
0 0.685261 0.925353 0.0280945 0.0418024
0 0.629682 0.0456026 0.0280945 0.0418024
0 0.0708469 0.702769 0.0236156 0.0396308
0 0.715391 0.925896 0.0211726 0.0304017
0 0.0579194 0.112514 0.0437704 0.060532
