0 0.0060057 0.92671 0.0120114 0.0618892
0 0.527891 0.99145 0.0610749 0.017101
0 0.21763 0.98127 0.0451954 0.0320304
0 0.4659 0.00909338 0.0266694 0.0181868
0 0.0111971 0.418974 0.0223941 0.0393594
0 0.648005 0.510043 0.0679967 0.106406
0 0.0158795 0.776194 0.0309446 0.121878
0 0.25509 0.937025 0.0810261 0.121064
0 0.0803135 0.102606 0.159813 0.199783
0 0.374186 0.134365 0.0814332 0.12215
0 0.311482 0.113328 0.0419381 0.0545603
0 0.263538 0.0441097 0.112174 0.0855049
0 0.35057 0.481135 0.0802117 0.108306
0 0.22048 0.221227 0.0350163 0.0515744
0 0.550794 0.468241 0.08693 0.107492
0 0.441063 0.067861 0.0474349 0.067861
0 0.506413 0.3807 0.030741 0.0480456
0 0.0155741 0.646851 0.0311482 0.0602606
0 0.325224 0.206162 0.0734935 0.0969055
0 0.55741 0.785016 0.12215 0.16721
0 0.681698 0.458062 0.0616857 0.0795331
0 0.0460098 0.556596 0.0606678 0.0616178
0 0.204906 0.154723 0.077158 0.114007
